# membership_proof_size(inputs, layers) from monerod's fcmp_pp_rust, stressnet v3 (05f370f38)
# inputs layers bytes, for every count consensus allows
1 1 3136
1 2 3776
1 3 4160
1 4 4800
1 5 5184
1 6 5824
1 7 6208
1 8 6848
1 9 6272
1 10 5696
1 11 5952
1 12 6336
2 1 4288
2 2 5568
2 3 4992
2 4 6272
2 5 6784
2 6 6592
2 7 7104
2 8 7872
2 9 7424
2 10 6976
2 11 7360
2 12 7872
3 1 3840
3 2 5760
3 3 6528
3 4 6976
3 5 6528
3 6 6592
3 7 7232
3 8 8000
3 9 8512
3 10 9280
3 11 9088
3 12 8768
4 1 4352
4 2 6912
4 3 6592
4 4 7168
4 5 7936
4 6 8000
4 7 8768
4 8 9792
4 9 9600
4 10 9408
4 11 10048
4 12 10816
5 1 4992
5 2 6976
5 3 6528
5 4 7232
5 5 8256
5 6 9536
5 7 9344
5 8 9408
5 9 10176
5 10 11200
5 11 11968
5 12 12864
6 1 3904
6 2 6272
6 3 7424
6 4 8256
6 5 8192
6 6 8640
6 7 9664
6 8 10816
6 9 11712
6 10 12864
6 11 13056
6 12 13120
7 1 4160
7 2 6912
7 3 7104
7 4 8064
7 5 9216
7 6 9792
7 7 10944
7 8 12224
7 9 12416
7 10 12736
7 11 13760
7 12 14912
8 1 4416
8 2 7552
8 3 7744
8 4 8832
8 5 10112
8 6 10688
8 7 11968
8 8 13504
8 9 13824
8 10 14144
8 11 15296
8 12 16576
9 1 4800
9 2 7232
9 3 7424
9 4 8640
9 5 10048
9 6 11840
9 7 12288
9 8 12864
9 9 14144
9 10 15680
9 11 16960
9 12 18368
10 1 5056
10 2 7744
10 3 7936
10 4 9280
10 5 10944
10 6 12864
10 7 13312
10 8 14016
10 9 15424
10 10 17088
10 11 18496
10 12 20032
11 1 3840
11 2 6784
11 3 8576
11 4 10048
11 5 10624
11 6 11840
11 7 13504
11 8 15168
11 9 16704
11 10 18496
11 11 20160
11 12 20992
12 1 3968
12 2 7168
12 3 9088
12 4 10688
12 5 11392
12 6 12608
12 7 14400
12 8 16320
12 9 17984
12 10 19904
12 11 20864
12 12 21696
13 1 4096
13 2 7552
13 3 9600
13 4 11328
13 5 12160
13 6 13504
13 7 15424
13 8 17472
13 9 19264
13 10 20480
13 11 21440
13 12 23232
14 1 4224
14 2 7936
14 3 9024
14 4 10880
14 5 12928
14 6 14400
14 7 16448
14 8 18624
14 9 19712
14 10 20928
14 11 22848
14 12 24896
15 1 4352
15 2 8320
15 3 9536
15 4 11520
15 5 13696
15 6 15296
15 7 17472
15 8 19776
15 9 20864
15 10 22208
15 11 24256
15 12 26432
16 1 4480
16 2 8704
16 3 9920
16 4 12032
16 5 14336
16 6 15936
16 7 18240
16 8 20800
16 9 22144
16 10 23488
16 11 25664
16 12 27968
17 1 4736
17 2 8256
17 3 9472
17 4 11712
17 5 14144
17 6 16832
17 7 18304
17 8 20032
17 9 22464
17 10 24896
17 11 27200
17 12 29632
18 1 4864
18 2 8512
18 3 9856
18 4 12224
18 5 14784
18 6 17728
18 7 19328
18 8 21056
18 9 23488
18 10 26176
18 11 28608
18 12 31168
19 1 4992
19 2 8896
19 3 10368
19 4 12864
19 5 15552
19 6 18624
19 7 20224
19 8 22080
19 9 24768
19 10 27456
19 11 30016
19 12 32832
20 1 5120
20 2 9152
20 3 10624
20 4 13248
20 5 16192
20 6 19392
20 7 21120
20 8 23104
20 9 25792
20 10 28736
20 11 31424
20 12 34240
21 1 5248
21 2 9536
21 3 11136
21 4 13888
21 5 15872
21 6 19200
21 7 22016
21 8 24128
21 9 27072
21 10 30144
21 11 32960
21 12 35904
22 1 3904
22 2 8320
22 3 11520
22 4 14400
22 5 16384
22 6 19008
22 7 22080
22 8 25152
22 9 28096
22 10 31296
22 11 34368
22 12 36608
23 1 3904
23 2 8576
23 3 11904
23 4 14912
23 5 17152
23 6 19776
23 7 22848
23 8 26176
23 9 29376
23 10 32704
23 11 34944
23 12 37184
24 1 4032
24 2 8832
24 3 12288
24 4 15424
24 5 17664
24 6 20416
24 7 23744
24 8 27200
24 9 30400
24 10 33856
24 11 36352
24 12 38720
25 1 4160
25 2 9216
25 3 12800
25 4 16064
25 5 18432
25 6 21312
25 7 24640
25 8 28224
25 9 31680
25 10 35264
25 11 37760
25 12 40256
26 1 4160
26 2 9344
26 3 13056
26 4 16448
26 5 18944
26 6 21952
26 7 25536
26 8 29248
26 9 32704
26 10 35584
26 11 38208
26 12 41664
27 1 4288
27 2 9728
27 3 13568
27 4 17088
27 5 19584
27 6 22720
27 7 26432
27 8 30272
27 9 33152
27 10 36032
27 11 39616
27 12 43328
28 1 4288
28 2 9856
28 3 12736
28 4 16384
28 5 20224
28 6 23488
28 7 27328
28 8 31296
28 9 34176
28 10 37184
28 11 40896
28 12 44736
29 1 4416
29 2 10240
29 3 13120
29 4 16896
29 5 20864
29 6 24128
29 7 28096
29 8 32320
29 9 35328
29 10 38464
29 11 42304
29 12 46144
30 1 4416
30 2 10368
30 3 13504
30 4 17408
30 5 21504
30 6 25024
30 7 29120
30 8 33344
30 9 36352
30 10 39616
30 11 43584
30 12 47680
31 1 4544
31 2 10752
31 3 13888
31 4 17920
31 5 22144
31 6 25664
31 7 29888
31 8 34368
31 9 37632
31 10 40896
31 11 44992
31 12 49216
32 1 4544
32 2 10880
32 3 14144
32 4 18304
32 5 22656
32 6 26304
32 7 30656
32 8 35264
32 9 38656
32 10 42048
32 11 46272
32 12 50624
33 1 4672
33 2 10304
33 3 13696
33 4 17984
33 5 22464
33 6 27200
33 7 30720
33 8 34496
33 9 38848
33 10 43328
33 11 47680
33 12 52160
34 1 4800
34 2 10560
34 3 13952
34 4 18368
34 5 22976
34 6 27840
34 7 31488
34 8 35392
34 9 40000
34 10 44608
34 11 49088
34 12 53696
35 1 4800
35 2 10688
35 3 14336
35 4 18880
35 5 23616
35 6 28736
35 7 32512
35 8 36416
35 9 41024
35 10 45760
35 11 50368
35 12 55232
36 1 4928
36 2 10944
36 3 14592
36 4 19264
36 5 24128
36 6 29376
36 7 33280
36 8 37312
36 9 42048
36 10 47040
36 11 51776
36 12 56640
37 1 4928
37 2 11200
37 3 14976
37 4 19776
37 5 24896
37 6 30144
37 7 34048
37 8 38336
37 9 43200
37 10 48192
37 11 53056
37 12 58048
38 1 5056
38 2 11456
38 3 15360
38 4 20288
38 5 25408
38 6 30912
38 7 34944
38 8 39232
38 9 44352
38 10 49472
38 11 54464
38 12 59712
39 1 5056
39 2 11584
39 3 15616
39 4 20672
39 5 25920
39 6 31552
39 7 35840
39 8 40256
39 9 45376
39 10 50752
39 11 55872
39 12 61120
40 1 5184
40 2 11840
40 3 15872
40 4 21056
40 5 26560
40 6 32320
40 7 36608
40 8 41152
40 9 46400
40 10 51904
40 11 57152
40 12 62528
41 1 5312
41 2 12224
41 3 16384
41 4 21696
41 5 26240
41 6 32128
41 7 37504
41 8 42176
41 9 47552
41 10 53056
41 11 58560
41 12 64192
42 1 5312
42 2 12352
42 3 16640
42 4 22080
42 5 26752
42 6 32768
42 7 38272
42 8 43072
42 9 48704
42 10 54464
42 11 59968
42 12 65600
43 1 3968
43 2 11136
43 3 16896
43 4 22464
43 5 27264
43 6 32576
43 7 38336
43 8 44096
43 9 49728
43 10 55616
43 11 61248
43 12 66176
44 1 3968
44 2 11264
44 3 17280
44 4 22976
44 5 27776
44 6 33216
44 7 39104
44 8 44992
44 9 50752
44 10 56768
44 11 62656
44 12 67712
45 1 3968
45 2 11520
45 3 17664
45 4 23488
45 5 28544
45 6 33984
45 7 39872
45 8 46016
45 9 51904
45 10 58048
45 11 64064
45 12 69120
46 1 3968
46 2 11648
46 3 17920
46 4 23872
46 5 29056
46 6 34624
46 7 40640
46 8 46912
46 9 53056
46 10 59328
46 11 64512
46 12 69696
47 1 4096
47 2 11904
47 3 18304
47 4 24384
47 5 29568
47 6 35264
47 7 41536
47 8 47936
47 9 54080
47 10 60480
47 11 65792
47 12 71104
48 1 4096
48 2 12032
48 3 18560
48 4 24768
48 5 30080
48 6 35904
48 7 42304
48 8 48832
48 9 55104
48 10 61632
48 11 67200
48 12 72640
49 1 4096
49 2 12288
49 3 18944
49 4 25280
49 5 30720
49 6 36672
49 7 43200
49 8 49856
49 9 56384
49 10 63040
49 11 68608
49 12 74176
50 1 4224
50 2 12544
50 3 19328
50 4 25792
50 5 31360
50 6 37440
50 7 43968
50 8 50752
50 9 57408
50 10 64192
50 11 69888
50 12 75584
51 1 4224
51 2 12672
51 3 19584
51 4 26176
51 5 31872
51 6 38080
51 7 44736
51 8 51648
51 9 58432
51 10 65344
51 11 71168
51 12 76992
52 1 4224
52 2 12800
52 3 19840
52 4 26560
52 5 32384
52 6 38720
52 7 45632
52 8 52672
52 9 59456
52 10 65664
52 11 71616
52 12 78400
53 1 4224
53 2 13056
53 3 20352
53 4 27200
53 5 33024
53 6 39360
53 7 46400
53 8 53696
53 9 60736
53 10 66944
53 11 72896
53 12 79808
54 1 4352
54 2 13312
54 3 20608
54 4 27584
54 5 33536
54 6 40128
54 7 47296
54 8 54592
54 9 60928
54 10 67264
54 11 74304
54 12 81472
55 1 4352
55 2 13440
55 3 19776
55 4 26880
55 5 34176
55 6 40896
55 7 48064
55 8 55488
55 9 61952
55 10 68416
55 11 75584
55 12 82880
56 1 4352
56 2 13568
56 3 20032
56 4 27264
56 5 34688
56 6 41536
56 7 48960
56 8 56512
56 9 62976
56 10 69568
56 11 76864
56 12 84288
57 1 4480
57 2 13952
57 3 20416
57 4 27776
57 5 35328
57 6 42176
57 7 49728
57 8 57536
57 9 64128
57 10 70720
57 11 78144
57 12 85696
58 1 4480
58 2 14080
58 3 20672
58 4 28160
58 5 35840
58 6 42816
58 7 50496
58 8 58432
58 9 65152
58 10 72000
58 11 79552
58 12 87104
59 1 4480
59 2 14208
59 3 21056
59 4 28672
59 5 36352
59 6 43584
59 7 51392
59 8 59328
59 9 66176
59 10 73152
59 11 80832
59 12 88640
60 1 4480
60 2 14336
60 3 21312
60 4 29056
60 5 36992
60 6 44352
60 7 52288
60 8 60352
60 9 67200
60 10 74304
60 11 82112
60 12 90048
61 1 4608
61 2 14720
61 3 21696
61 4 29568
61 5 37632
61 6 44992
61 7 53056
61 8 61376
61 9 68480
61 10 75584
61 11 83520
61 12 91584
62 1 4608
62 2 14848
62 3 21952
62 4 29952
62 5 38144
62 6 45632
62 7 53824
62 8 62272
62 9 69504
62 10 76736
62 11 84800
62 12 92992
63 1 4608
63 2 14976
63 3 22208
63 4 30336
63 5 38656
63 6 46272
63 7 54592
63 8 63168
63 9 70528
63 10 77888
63 11 86080
63 12 94400
64 1 4608
64 2 15104
64 3 22464
64 4 30720
64 5 39168
64 6 46912
64 7 55360
64 8 64064
64 9 71552
64 10 79040
64 11 87360
64 12 95808
65 1 4736
65 2 14528
65 3 22016
65 4 30400
65 5 38976
65 6 47808
65 7 55424
65 8 63296
65 9 71744
65 10 80320
65 11 88768
65 12 97344
66 1 4736
66 2 14656
66 3 22272
66 4 30784
66 5 39488
66 6 48448
66 7 56192
66 8 64192
66 9 72768
66 10 81472
66 11 90048
66 12 98752
67 1 4736
67 2 14784
67 3 22528
67 4 31168
67 5 40000
67 6 49088
67 7 56960
67 8 65088
67 9 73792
67 10 82624
67 11 91328
67 12 100160
68 1 4864
68 2 15040
68 3 22784
68 4 31552
68 5 40512
68 6 49728
68 7 57728
68 8 65984
68 9 74944
68 10 83904
68 11 92736
68 12 101696
69 1 4864
69 2 15168
69 3 23040
69 4 31936
69 5 41152
69 6 50496
69 7 58624
69 8 67008
69 9 75968
69 10 85056
69 11 94016
69 12 103104
70 1 4864
70 2 15296
70 3 23424
70 4 32448
70 5 41664
70 6 51264
70 7 59520
70 8 67904
70 9 76992
70 10 86208
70 11 95296
70 12 104640
71 1 4864
71 2 15424
71 3 23680
71 4 32832
71 5 42176
71 6 51904
71 7 60288
71 8 68800
71 9 78016
71 10 87488
71 11 96704
71 12 106048
72 1 4992
72 2 15680
72 3 23936
72 4 33216
72 5 42688
72 6 52544
72 7 61056
72 8 69696
72 9 79040
72 10 88640
72 11 97984
72 12 107456
73 1 4992
73 2 15936
73 3 24320
73 4 33728
73 5 43328
73 6 53184
73 7 61824
73 8 70720
73 9 80192
73 10 89792
73 11 99264
73 12 108864
74 1 4992
74 2 16064
74 3 24576
74 4 34112
74 5 43968
74 6 53952
74 7 62592
74 8 71616
74 9 81216
74 10 90944
74 11 100544
74 12 110272
75 1 5120
75 2 16320
75 3 24832
75 4 34496
75 5 44480
75 6 54720
75 7 63488
75 8 72512
75 9 82240
75 10 92096
75 11 101952
75 12 111936
76 1 5120
76 2 16448
76 3 25216
76 4 35008
76 5 44992
76 6 55360
76 7 64256
76 8 73408
76 9 83392
76 10 93376
76 11 103232
76 12 113344
77 1 5120
77 2 16576
77 3 25472
77 4 35392
77 5 45504
77 6 56000
77 7 65152
77 8 74432
77 9 84416
77 10 94656
77 11 104640
77 12 114752
78 1 5120
78 2 16704
78 3 25728
78 4 35776
78 5 46016
78 6 56640
78 7 65920
78 8 75328
78 9 85440
78 10 95808
78 11 105920
78 12 116160
79 1 5248
79 2 16960
79 3 25984
79 4 36160
79 5 46656
79 6 57408
79 7 66688
79 8 76224
79 9 86464
79 10 96960
79 11 107200
79 12 117568
80 1 5248
80 2 17088
80 3 26240
80 4 36544
80 5 47168
80 6 58048
80 7 67456
80 8 77120
80 9 87488
80 10 98112
80 11 108480
80 12 118976
81 1 5248
81 2 17344
81 3 26624
81 4 37056
81 5 47808
81 6 58816
81 7 68352
81 8 78144
81 9 88640
81 10 99264
81 11 109888
81 12 120640
82 1 5376
82 2 17600
82 3 27008
82 4 37568
82 5 47360
82 6 58496
82 7 69120
82 8 79040
82 9 89664
82 10 100416
82 11 111168
82 12 122048
83 1 5376
83 2 17728
83 3 27264
83 4 37952
83 5 47872
83 6 59136
83 7 69888
83 8 79936
83 9 90816
83 10 101696
83 11 112448
83 12 123456
84 1 5376
84 2 17856
84 3 27520
84 4 38336
84 5 48384
84 6 59776
84 7 70656
84 8 80832
84 9 91840
84 10 102976
84 11 113856
84 12 124864
85 1 3904
85 2 16512
85 3 27776
85 4 38720
85 5 48896
85 6 60416
85 7 71424
85 8 81728
85 9 92864
85 10 104128
85 11 115136
85 12 126272
86 1 4032
86 2 16768
86 3 28032
86 4 39104
86 5 49408
86 6 60224
86 7 71488
86 8 82752
86 9 93888
86 10 105280
86 11 116416
86 12 126848
87 1 4032
87 2 16896
87 3 28288
87 4 39488
87 5 49920
87 6 60864
87 7 72256
87 8 83648
87 9 94912
87 10 106432
87 11 117696
87 12 128256
88 1 4032
88 2 17024
88 3 28672
88 4 40000
88 5 50432
88 6 61504
88 7 73024
88 8 84544
88 9 95936
88 10 107584
88 11 119104
88 12 129792
89 1 4032
89 2 17280
89 3 29056
89 4 40512
89 5 51200
89 6 62272
89 7 73792
89 8 85568
89 9 97088
89 10 108736
89 11 120384
89 12 131200
90 1 4032
90 2 17408
90 3 29312
90 4 40896
90 5 51712
90 6 62912
90 7 74560
90 8 86464
90 9 98112
90 10 110016
90 11 121792
90 12 132608
91 1 4032
91 2 17536
91 3 29568
91 4 41280
91 5 52224
91 6 63552
91 7 75328
91 8 87360
91 9 99264
91 10 111296
91 11 123072
91 12 134016
92 1 4032
92 2 17664
92 3 29824
92 4 41664
92 5 52736
92 6 64192
92 7 76096
92 8 88256
92 9 100288
92 10 112448
92 11 123520
92 12 134592
93 1 4160
93 2 17920
93 3 30080
93 4 42048
93 5 53248
93 6 64832
93 7 76864
93 8 89152
93 9 101312
93 10 113600
93 11 124800
93 12 136000
94 1 4160
94 2 18048
94 3 30464
94 4 42560
94 5 53760
94 6 65472
94 7 77760
94 8 90176
94 9 102336
94 10 114752
94 11 126080
94 12 137408
95 1 4160
95 2 18176
95 3 30720
95 4 42944
95 5 54272
95 6 66112
95 7 78528
95 8 91072
95 9 103360
95 10 115904
95 11 127488
95 12 138944
96 1 4160
96 2 18304
96 3 30976
96 4 43328
96 5 54784
96 6 66752
96 7 79296
96 8 91968
96 9 104384
96 10 117056
96 11 128768
96 12 140352
97 1 4160
97 2 18560
97 3 31360
97 4 43840
97 5 55424
97 6 67520
97 7 80192
97 8 92992
97 9 105536
97 10 118336
97 11 130176
97 12 141888
98 1 4160
98 2 18688
98 3 31616
98 4 44224
98 5 55936
98 6 68160
98 7 80960
98 8 93888
98 9 106688
98 10 119616
98 11 131456
98 12 143296
99 1 4160
99 2 18816
99 3 32000
99 4 44736
99 5 56576
99 6 68928
99 7 81728
99 8 94784
99 9 107712
99 10 120768
99 11 132736
99 12 144704
100 1 4288
100 2 19072
100 3 32256
100 4 45120
100 5 57088
100 6 69568
100 7 82496
100 8 95680
100 9 108736
100 10 121920
100 11 134016
100 12 146112
101 1 4288
101 2 19200
101 3 32512
101 4 45504
101 5 57600
101 6 70208
101 7 83264
101 8 96576
101 9 109760
101 10 123072
101 11 135296
101 12 147520
102 1 4288
102 2 19328
102 3 32768
102 4 45888
102 5 58112
102 6 70848
102 7 84032
102 8 97472
102 9 110784
102 10 124224
102 11 136576
102 12 148928
103 1 4288
103 2 19456
103 3 33024
103 4 46272
103 5 58624
103 6 71488
103 7 84928
103 8 98496
103 9 111808
103 10 124544
103 11 137024
103 12 150336
104 1 4288
104 2 19584
104 3 33280
104 4 46656
104 5 59136
104 6 72128
104 7 85696
104 8 99392
104 9 112832
104 10 125696
104 11 138304
104 12 151744
105 1 4288
105 2 19840
105 3 33792
105 4 47296
105 5 59776
105 6 72768
105 7 86464
105 8 100416
105 9 113984
105 10 126848
105 11 139584
105 12 153152
106 1 4288
106 2 19968
106 3 34048
106 4 47680
106 5 60288
106 6 73408
106 7 87232
106 8 101312
106 9 115136
106 10 128128
106 11 140864
106 12 154560
107 1 4416
107 2 20224
107 3 34304
107 4 48064
107 5 60800
107 6 74176
107 7 88128
107 8 102208
107 9 116160
107 10 129280
107 11 142144
107 12 156096
108 1 4416
108 2 20352
108 3 34560
108 4 48448
108 5 61312
108 6 74816
108 7 88896
108 8 103104
108 9 116352
108 10 129600
108 11 143552
108 12 157632
109 1 4416
109 2 20480
109 3 34816
109 4 48832
109 5 61952
109 6 75584
109 7 89664
109 8 104000
109 9 117376
109 10 130752
109 11 144832
109 12 159040
110 1 4416
110 2 20608
110 3 33984
110 4 48128
110 5 62464
110 6 76224
110 7 90432
110 8 104896
110 9 118400
110 10 131904
110 11 146112
110 12 160448
111 1 4416
111 2 20736
111 3 34240
111 4 48512
111 5 62976
111 6 76864
111 7 91328
111 8 105920
111 9 119424
111 10 133056
111 11 147392
111 12 161856
112 1 4416
112 2 20864
112 3 34496
112 4 48896
112 5 63488
112 6 77504
112 7 92096
112 8 106816
112 9 120448
112 10 134208
112 11 148672
112 12 163264
113 1 4416
113 2 21120
113 3 34880
113 4 49408
113 5 64128
113 6 78144
113 7 92864
113 8 107840
113 9 121600
113 10 135360
113 11 149952
113 12 164672
114 1 4544
114 2 21376
114 3 35136
114 4 49792
114 5 64640
114 6 78784
114 7 93632
114 8 108736
114 9 122624
114 10 136512
114 11 151232
114 12 166080
115 1 4544
115 2 21504
115 3 35392
115 4 50176
115 5 65152
115 6 79424
115 7 94400
115 8 109632
115 9 123648
115 10 137664
115 11 152512
115 12 167488
116 1 4544
116 2 21632
116 3 35648
116 4 50560
116 5 65664
116 6 80064
116 7 95168
116 8 110528
116 9 124672
116 10 138944
116 11 153920
116 12 168896
117 1 4544
117 2 21760
117 3 36032
117 4 51072
117 5 66176
117 6 80704
117 7 95936
117 8 111424
117 9 125696
117 10 140096
117 11 155200
117 12 170304
118 1 4544
118 2 21888
118 3 36288
118 4 51456
118 5 66688
118 6 81472
118 7 96832
118 8 112320
118 9 126720
118 10 141248
118 11 156480
118 12 171840
119 1 4544
119 2 22016
119 3 36544
119 4 51840
119 5 67328
119 6 82240
119 7 97600
119 8 113216
119 9 127744
119 10 142400
119 11 157760
119 12 173248
120 1 4544
120 2 22144
120 3 36800
120 4 52224
120 5 67840
120 6 82880
120 7 98496
120 8 114240
120 9 128768
120 10 143552
120 11 159040
120 12 174656
121 1 4672
121 2 22528
121 3 37184
121 4 52736
121 5 68480
121 6 83520
121 7 99264
121 8 115264
121 9 130048
121 10 144832
121 11 160320
121 12 176064
122 1 4672
122 2 22656
122 3 37440
122 4 53120
122 5 68992
122 6 84160
122 7 100032
122 8 116160
122 9 131072
122 10 145984
122 11 161728
122 12 177600
123 1 4672
123 2 22784
123 3 37696
123 4 53504
123 5 69504
123 6 84800
123 7 100800
123 8 117056
123 9 132096
123 10 147136
123 11 163008
123 12 179008
124 1 4672
124 2 22912
124 3 37952
124 4 53888
124 5 70016
124 6 85440
124 7 101568
124 8 117952
124 9 133120
124 10 148288
124 11 164288
124 12 180416
125 1 4672
125 2 23040
125 3 38208
125 4 54272
125 5 70528
125 6 86080
125 7 102336
125 8 118848
125 9 134144
125 10 149440
125 11 165568
125 12 181824
126 1 4672
126 2 23168
126 3 38464
126 4 54656
126 5 71040
126 6 86720
126 7 103104
126 8 119744
126 9 135168
126 10 150592
126 11 166848
126 12 183232
127 1 4672
127 2 23296
127 3 38720
127 4 55040
127 5 71552
127 6 87360
127 7 103872
127 8 120640
127 9 136192
127 10 151744
127 11 168128
127 12 184640
128 1 4672
128 2 23424
128 3 38976
128 4 55424
128 5 72064
128 6 88000
128 7 104640
128 8 121536
128 9 137216
128 10 152896
128 11 169408
128 12 186048
